ID	Costo	Visibilidad	Feromonas
1	164.0000		0.0061		0.1000		
2	293.0000		0.0034		0.1000		
3	207.0000		0.0048		0.1000		
4	332.0000		0.0030		0.1000		
5	293.0000		0.0034		0.1000		
6	202.0000		0.0050		0.1000		
7	313.0000		0.0032		0.1000		
8	310.0000		0.0032		0.1000		
9	270.0000		0.0037		0.1000		
10	323.0000		0.0031		0.1000		
11	389.0000		0.0026		0.1000		
12	277.0000		0.0036		0.1000		
13	149.0000		0.0067		0.1000		
14	250.0000		0.0040		0.1000		
15	236.0000		0.0042		0.1000		
16	269.0000		0.0037		0.1000		
17	295.0000		0.0034		0.1000		
18	293.0000		0.0034		0.1000		
19	305.0000		0.0033		0.1000		
20	312.0000		0.0032		0.1000		
21	218.0000		0.0046		0.1000		
22	205.0000		0.0049		0.1000		
23	311.0000		0.0032		0.1000		
24	379.0000		0.0026		0.1000		
25	292.0000		0.0034		0.1000		
26	235.0000		0.0043		0.1000		
27	307.0000		0.0033		0.1000		
28	319.0000		0.0031		0.1000		
29	324.0000		0.0031		0.1000		
30	246.0000		0.0041		0.1000		
31	297.0000		0.0034		0.1000		
32	264.0000		0.0038		0.1000		
33	361.0000		0.0028		0.1000		
34	400.0000		0.0025		0.1000		
35	211.0000		0.0047		0.1000		
36	298.0000		0.0034		0.1000		
37	328.0000		0.0030		0.1000		
38	256.0000		0.0039		0.1000		
39	145.0000		0.0069		0.1000		
40	293.0000		0.0034		0.1000		
41	143.0000		0.0070		0.1000		
42	369.0000		0.0027		0.1000		
43	364.0000		0.0027		0.1000		
44	347.0000		0.0029		0.1000		
45	323.0000		0.0031		0.1000		
46	198.0000		0.0051		0.1000		
47	167.0000		0.0060		0.1000		
48	291.0000		0.0034		0.1000		
49	368.0000		0.0027		0.1000		
50	281.0000		0.0036		0.1000		
51	270.0000		0.0037		0.1000		
52	246.0000		0.0041		0.1000		
53	215.0000		0.0047		0.1000		
54	373.0000		0.0027		0.1000		
55	566.0000		0.0018		0.1000		
56	574.0000		0.0017		0.1000		
57	720.0000		0.0014		0.1000		
58	599.0000		0.0017		0.1000		
59	657.0000		0.0015		0.1000		
60	530.0000		0.0019		0.1000		
61	583.0000		0.0017		0.1000		
62	549.0000		0.0018		0.1000		
63	821.0000		0.0012		0.1000		
64	829.0000		0.0012		0.1000		
65	767.0000		0.0013		0.1000		
66	673.0000		0.0015		0.1000		
67	739.0000		0.0014		0.1000		
68	633.0000		0.0016		0.1000		
69	816.0000		0.0012		0.1000		
70	675.0000		0.0015		0.1000		
71	834.0000		0.0012		0.1000		
72	773.0000		0.0013		0.1000		
73	668.0000		0.0015		0.1000		
74	733.0000		0.0014		0.1000		
75	587.0000		0.0017		0.1000		
76	606.0000		0.0017		0.1000		
77	757.0000		0.0013		0.1000		
78	667.0000		0.0015		0.1000		
79	881.0000		0.0011		0.1000		
80	726.0000		0.0014		0.1000		
81	551.0000		0.0018		0.1000		
82	781.0000		0.0013		0.1000		
83	567.0000		0.0018		0.1000		
84	617.0000		0.0016		0.1000		
85	540.0000		0.0019		0.1000		
86	603.0000		0.0017		0.1000		
87	586.0000		0.0017		0.1000		
88	621.0000		0.0016		0.1000		
89	885.0000		0.0011		0.1000		
90	610.0000		0.0016		0.1000		
91	684.0000		0.0015		0.1000		
92	858.0000		0.0012		0.1000		
93	778.0000		0.0013		0.1000		
94	746.0000		0.0013		0.1000		
95	625.0000		0.0016		0.1000		
96	669.0000		0.0015		0.1000		
97	763.0000		0.0013		0.1000		
98	540.0000		0.0019		0.1000		
99	812.0000		0.0012		0.1000		
100	732.0000		0.0014		0.1000		
101	599.0000		0.0017		0.1000		
102	792.0000		0.0013		0.1000		
103	654.0000		0.0015		0.1000		
104	851.0000		0.0012		0.1000		
105	600.0000		0.0017		0.1000		
106	851.0000		0.0012		0.1000		
107	794.0000		0.0013		0.1000		
108	880.0000		0.0011		0.1000		
109	345.0000		0.0029		0.1000		
110	347.0000		0.0029		0.1000		
111	353.0000		0.0028		0.1000		
112	248.0000		0.0040		0.1000		
113	183.0000		0.0055		0.1000		
114	281.0000		0.0036		0.1000		
115	322.0000		0.0031		0.1000		
116	221.0000		0.0045		0.1000		
117	352.0000		0.0028		0.1000		
118	270.0000		0.0037		0.1000		
119	206.0000		0.0049		0.1000		
120	246.0000		0.0041		0.1000		
121	298.0000		0.0034		0.1000		
122	308.0000		0.0032		0.1000		
123	183.0000		0.0055		0.1000		
124	134.0000		0.0075		0.1000		
125	311.0000		0.0032		0.1000		
126	175.0000		0.0057		0.1000		
127	165.0000		0.0061		0.1000		
128	294.0000		0.0034		0.1000		
129	230.0000		0.0043		0.1000		
130	195.0000		0.0051		0.1000		
131	195.0000		0.0051		0.1000		
132	292.0000		0.0034		0.1000		
133	200.0000		0.0050		0.1000		
134	227.0000		0.0044		0.1000		
135	409.0000		0.0024		0.1000		
136	390.0000		0.0026		0.1000		
137	286.0000		0.0035		0.1000		
138	162.0000		0.0062		0.1000		
139	244.0000		0.0041		0.1000		
140	209.0000		0.0048		0.1000		
141	357.0000		0.0028		0.1000		
142	253.0000		0.0040		0.1000		
143	212.0000		0.0047		0.1000		
144	205.0000		0.0049		0.1000		
145	234.0000		0.0043		0.1000		
146	192.0000		0.0052		0.1000		
147	275.0000		0.0036		0.1000		
148	186.0000		0.0054		0.1000		
149	131.0000		0.0076		0.1000		
150	251.0000		0.0040		0.1000		
151	230.0000		0.0043		0.1000		
152	348.0000		0.0029		0.1000		
153	361.0000		0.0028		0.1000		
154	194.0000		0.0052		0.1000		
155	218.0000		0.0046		0.1000		
156	350.0000		0.0029		0.1000		
157	353.0000		0.0028		0.1000		
158	198.0000		0.0051		0.1000		
159	300.0000		0.0033		0.1000		
160	324.0000		0.0031		0.1000		
161	227.0000		0.0044		0.1000		
162	269.0000		0.0037		0.1000		
163	556.0000		0.0018		0.1000		
164	833.0000		0.0012		0.1000		
165	507.0000		0.0020		0.1000		
166	687.0000		0.0015		0.1000		
167	563.0000		0.0018		0.1000		
168	594.0000		0.0017		0.1000		
169	819.0000		0.0012		0.1000		
170	557.0000		0.0018		0.1000		
171	678.0000		0.0015		0.1000		
172	802.0000		0.0012		0.1000		
173	849.0000		0.0012		0.1000		
174	805.0000		0.0012		0.1000		
175	817.0000		0.0012		0.1000		
176	695.0000		0.0014		0.1000		
177	571.0000		0.0018		0.1000		
178	769.0000		0.0013		0.1000		
179	724.0000		0.0014		0.1000		
180	747.0000		0.0013		0.1000		
181	831.0000		0.0012		0.1000		
182	606.0000		0.0017		0.1000		
183	835.0000		0.0012		0.1000		
184	733.0000		0.0014		0.1000		
185	719.0000		0.0014		0.1000		
186	726.0000		0.0014		0.1000		
187	782.0000		0.0013		0.1000		
188	534.0000		0.0019		0.1000		
189	691.0000		0.0014		0.1000		
190	857.0000		0.0012		0.1000		
191	671.0000		0.0015		0.1000		
192	873.0000		0.0011		0.1000		
193	561.0000		0.0018		0.1000		
194	545.0000		0.0018		0.1000		
195	711.0000		0.0014		0.1000		
196	687.0000		0.0015		0.1000		
197	633.0000		0.0016		0.1000		
198	564.0000		0.0018		0.1000		
199	816.0000		0.0012		0.1000		
200	700.0000		0.0014		0.1000		
201	665.0000		0.0015		0.1000		
202	536.0000		0.0019		0.1000		
203	716.0000		0.0014		0.1000		
204	884.0000		0.0011		0.1000		
205	878.0000		0.0011		0.1000		
206	780.0000		0.0013		0.1000		
207	750.0000		0.0013		0.1000		
208	840.0000		0.0012		0.1000		
209	546.0000		0.0018		0.1000		
210	665.0000		0.0015		0.1000		
211	722.0000		0.0014		0.1000		
212	527.0000		0.0019		0.1000		
213	867.0000		0.0012		0.1000		
214	504.0000		0.0020		0.1000		
215	716.0000		0.0014		0.1000		
216	742.0000		0.0013		0.1000		
217	370.0000		0.0027		0.1000		
218	375.0000		0.0027		0.1000		
219	200.0000		0.0050		0.1000		
220	156.0000		0.0064		0.1000		
221	341.0000		0.0029		0.1000		
222	206.0000		0.0049		0.1000		
223	231.0000		0.0043		0.1000		
224	199.0000		0.0050		0.1000		
225	270.0000		0.0037		0.1000		
226	290.0000		0.0034		0.1000		
227	318.0000		0.0031		0.1000		
228	329.0000		0.0030		0.1000		
229	299.0000		0.0033		0.1000		
230	288.0000		0.0035		0.1000		
231	161.0000		0.0062		0.1000		
232	136.0000		0.0074		0.1000		
233	343.0000		0.0029		0.1000		
234	350.0000		0.0029		0.1000		
235	149.0000		0.0067		0.1000		
236	310.0000		0.0032		0.1000		
237	154.0000		0.0065		0.1000		
238	143.0000		0.0070		0.1000		
239	240.0000		0.0042		0.1000		
240	162.0000		0.0062		0.1000		
241	316.0000		0.0032		0.1000		
242	190.0000		0.0053		0.1000		
243	218.0000		0.0046		0.1000		
244	163.0000		0.0061		0.1000		
245	286.0000		0.0035		0.1000		
246	309.0000		0.0032		0.1000		
247	227.0000		0.0044		0.1000		
248	218.0000		0.0046		0.1000		
249	203.0000		0.0049		0.1000		
250	178.0000		0.0056		0.1000		
251	362.0000		0.0028		0.1000		
252	333.0000		0.0030		0.1000		
253	225.0000		0.0044		0.1000		
254	307.0000		0.0033		0.1000		
255	328.0000		0.0030		0.1000		
256	194.0000		0.0052		0.1000		
257	179.0000		0.0056		0.1000		
258	234.0000		0.0043		0.1000		
259	543.0000		0.0018		0.1000		
260	556.0000		0.0018		0.1000		
261	625.0000		0.0016		0.1000		
262	670.0000		0.0015		0.1000		
263	842.0000		0.0012		0.1000		
264	491.0000		0.0020		0.1000		
265	715.0000		0.0014		0.1000		
266	697.0000		0.0014		0.1000		
267	777.0000		0.0013		0.1000		
268	799.0000		0.0013		0.1000		
269	697.0000		0.0014		0.1000		
270	714.0000		0.0014		0.1000		
271	846.0000		0.0012		0.1000		
272	805.0000		0.0012		0.1000		
273	755.0000		0.0013		0.1000		
274	821.0000		0.0012		0.1000		
275	753.0000		0.0013		0.1000		
276	708.0000		0.0014		0.1000		
277	547.0000		0.0018		0.1000		
278	890.0000		0.0011		0.1000		
279	646.0000		0.0015		0.1000		
280	846.0000		0.0012		0.1000		
281	864.0000		0.0012		0.1000		
282	727.0000		0.0014		0.1000		
283	538.0000		0.0019		0.1000		
284	606.0000		0.0017		0.1000		
285	639.0000		0.0016		0.1000		
286	621.0000		0.0016		0.1000		
287	700.0000		0.0014		0.1000		
288	666.0000		0.0015		0.1000		
289	734.0000		0.0014		0.1000		
290	556.0000		0.0018		0.1000		
291	670.0000		0.0015		0.1000		
292	794.0000		0.0013		0.1000		
293	698.0000		0.0014		0.1000		
294	792.0000		0.0013		0.1000		
295	780.0000		0.0013		0.1000		
296	778.0000		0.0013		0.1000		
297	827.0000		0.0012		0.1000		
298	549.0000		0.0018		0.1000		
299	783.0000		0.0013		0.1000		
300	600.0000		0.0017		0.1000		
301	487.0000		0.0021		0.1000		
302	702.0000		0.0014		0.1000		
303	611.0000		0.0016		0.1000		
304	735.0000		0.0014		0.1000		
305	787.0000		0.0013		0.1000		
306	702.0000		0.0014		0.1000		
307	613.0000		0.0016		0.1000		
308	621.0000		0.0016		0.1000		
309	867.0000		0.0012		0.1000		
310	646.0000		0.0015		0.1000		
311	709.0000		0.0014		0.1000		
312	649.0000		0.0015		0.1000		
313	530.0000		0.0019		0.1000		
314	768.0000		0.0013		0.1000		
315	216.0000		0.0046		0.1000		
316	244.0000		0.0041		0.1000		
317	312.0000		0.0032		0.1000		
318	243.0000		0.0041		0.1000		
319	266.0000		0.0038		0.1000		
320	174.0000		0.0057		0.1000		
321	198.0000		0.0051		0.1000		
322	291.0000		0.0034		0.1000		
323	304.0000		0.0033		0.1000		
324	260.0000		0.0038		0.1000		
325	316.0000		0.0032		0.1000		
326	304.0000		0.0033		0.1000		
327	263.0000		0.0038		0.1000		
328	377.0000		0.0027		0.1000		
329	299.0000		0.0033		0.1000		
330	175.0000		0.0057		0.1000		
331	200.0000		0.0050		0.1000		
332	371.0000		0.0027		0.1000		
333	384.0000		0.0026		0.1000		
334	260.0000		0.0038		0.1000		
335	378.0000		0.0026		0.1000		
336	366.0000		0.0027		0.1000		
337	367.0000		0.0027		0.1000		
338	336.0000		0.0030		0.1000		
339	217.0000		0.0046		0.1000		
340	324.0000		0.0031		0.1000		
341	241.0000		0.0041		0.1000		
342	299.0000		0.0033		0.1000		
343	314.0000		0.0032		0.1000		
344	170.0000		0.0059		0.1000		
345	385.0000		0.0026		0.1000		
346	328.0000		0.0030		0.1000		
347	178.0000		0.0056		0.1000		
348	332.0000		0.0030		0.1000		
349	223.0000		0.0045		0.1000		
350	166.0000		0.0060		0.1000		
351	147.0000		0.0068		0.1000		
352	236.0000		0.0042		0.1000		
353	507.0000		0.0020		0.1000		
354	645.0000		0.0016		0.1000		
355	530.0000		0.0019		0.1000		
356	598.0000		0.0017		0.1000		
357	585.0000		0.0017		0.1000		
358	817.0000		0.0012		0.1000		
359	650.0000		0.0015		0.1000		
360	871.0000		0.0011		0.1000		
361	628.0000		0.0016		0.1000		
362	563.0000		0.0018		0.1000		
363	663.0000		0.0015		0.1000		
364	556.0000		0.0018		0.1000		
365	781.0000		0.0013		0.1000		
366	689.0000		0.0015		0.1000		
367	812.0000		0.0012		0.1000		
368	551.0000		0.0018		0.1000		
369	556.0000		0.0018		0.1000		
370	616.0000		0.0016		0.1000		
371	779.0000		0.0013		0.1000		
372	837.0000		0.0012		0.1000		
373	549.0000		0.0018		0.1000		
374	619.0000		0.0016		0.1000		
375	612.0000		0.0016		0.1000		
376	553.0000		0.0018		0.1000		
377	869.0000		0.0012		0.1000		
378	566.0000		0.0018		0.1000		
379	568.0000		0.0018		0.1000		
380	660.0000		0.0015		0.1000		
381	817.0000		0.0012		0.1000		
382	517.0000		0.0019		0.1000		
383	856.0000		0.0012		0.1000		
384	569.0000		0.0018		0.1000		
385	786.0000		0.0013		0.1000		
386	595.0000		0.0017		0.1000		
387	681.0000		0.0015		0.1000		
388	775.0000		0.0013		0.1000		
389	826.0000		0.0012		0.1000		
390	579.0000		0.0017		0.1000		
391	625.0000		0.0016		0.1000		
392	648.0000		0.0015		0.1000		
393	501.0000		0.0020		0.1000		
394	643.0000		0.0016		0.1000		
395	811.0000		0.0012		0.1000		
396	732.0000		0.0014		0.1000		
397	860.0000		0.0012		0.1000		
398	712.0000		0.0014		0.1000		
399	801.0000		0.0012		0.1000		
400	515.0000		0.0019		0.1000		
401	667.0000		0.0015		0.1000		
402	499.0000		0.0020		0.1000		
403	832.0000		0.0012		0.1000		
404	776.0000		0.0013		0.1000		
405	630.0000		0.0016		0.1000		
406	602.0000		0.0017		0.1000		
407	283.0000		0.0035		0.1000		
408	319.0000		0.0031		0.1000		
409	225.0000		0.0044		0.1000		
410	380.0000		0.0026		0.1000		
411	348.0000		0.0029		0.1000		
412	255.0000		0.0039		0.1000		
413	379.0000		0.0026		0.1000		
414	313.0000		0.0032		0.1000		
415	172.0000		0.0058		0.1000		
416	282.0000		0.0035		0.1000		
417	297.0000		0.0034		0.1000		
418	277.0000		0.0036		0.1000		
419	227.0000		0.0044		0.1000		
420	367.0000		0.0027		0.1000		
421	374.0000		0.0027		0.1000		
422	300.0000		0.0033		0.1000		
423	284.0000		0.0035		0.1000		
424	278.0000		0.0036		0.1000		
425	222.0000		0.0045		0.1000		
426	405.0000		0.0025		0.1000		
427	273.0000		0.0037		0.1000		
428	367.0000		0.0027		0.1000		
429	293.0000		0.0034		0.1000		
430	296.0000		0.0034		0.1000		
431	270.0000		0.0037		0.1000		
432	293.0000		0.0034		0.1000		
433	197.0000		0.0051		0.1000		
434	194.0000		0.0052		0.1000		
435	178.0000		0.0056		0.1000		
436	234.0000		0.0043		0.1000		
437	367.0000		0.0027		0.1000		
438	363.0000		0.0028		0.1000		
439	221.0000		0.0045		0.1000		
440	247.0000		0.0040		0.1000		
441	743.0000		0.0013		0.1000		
442	639.0000		0.0016		0.1000		
443	853.0000		0.0012		0.1000		
444	838.0000		0.0012		0.1000		
445	583.0000		0.0017		0.1000		
446	547.0000		0.0018		0.1000		
447	637.0000		0.0016		0.1000		
448	709.0000		0.0014		0.1000		
449	763.0000		0.0013		0.1000		
450	702.0000		0.0014		0.1000		
451	725.0000		0.0014		0.1000		
452	575.0000		0.0017		0.1000		
453	815.0000		0.0012		0.1000		
454	819.0000		0.0012		0.1000		
455	793.0000		0.0013		0.1000		
456	794.0000		0.0013		0.1000		
457	512.0000		0.0020		0.1000		
458	562.0000		0.0018		0.1000		
459	599.0000		0.0017		0.1000		
460	866.0000		0.0012		0.1000		
461	590.0000		0.0017		0.1000		
462	551.0000		0.0018		0.1000		
463	792.0000		0.0013		0.1000		
464	803.0000		0.0012		0.1000		
465	570.0000		0.0018		0.1000		
466	783.0000		0.0013		0.1000		
467	524.0000		0.0019		0.1000		
468	564.0000		0.0018		0.1000		
469	590.0000		0.0017		0.1000		
470	737.0000		0.0014		0.1000		
471	775.0000		0.0013		0.1000		
472	733.0000		0.0014		0.1000		
473	578.0000		0.0017		0.1000		
474	520.0000		0.0019		0.1000		
475	706.0000		0.0014		0.1000		
476	800.0000		0.0013		0.1000		
477	529.0000		0.0019		0.1000		
478	718.0000		0.0014		0.1000		
479	734.0000		0.0014		0.1000		
480	545.0000		0.0018		0.1000		
481	785.0000		0.0013		0.1000		
482	516.0000		0.0019		0.1000		
483	627.0000		0.0016		0.1000		
484	580.0000		0.0017		0.1000		
485	589.0000		0.0017		0.1000		
486	851.0000		0.0012		0.1000		
487	804.0000		0.0012		0.1000		
488	511.0000		0.0020		0.1000		
489	560.0000		0.0018		0.1000		
490	754.0000		0.0013		0.1000		
491	562.0000		0.0018		0.1000		
492	617.0000		0.0016		0.1000		
493	803.0000		0.0012		0.1000		
494	789.0000		0.0013		0.1000		
495	227.0000		0.0044		0.1000		
496	354.0000		0.0028		0.1000		
497	248.0000		0.0040		0.1000		
498	344.0000		0.0029		0.1000		
499	196.0000		0.0051		0.1000		
500	370.0000		0.0027		0.1000		
501	165.0000		0.0061		0.1000		
502	272.0000		0.0037		0.1000		
503	377.0000		0.0027		0.1000		
504	345.0000		0.0029		0.1000		
505	333.0000		0.0030		0.1000		
506	323.0000		0.0031		0.1000		
507	234.0000		0.0043		0.1000		
508	192.0000		0.0052		0.1000		
509	340.0000		0.0029		0.1000		
510	182.0000		0.0055		0.1000		
511	238.0000		0.0042		0.1000		
512	285.0000		0.0035		0.1000		
513	292.0000		0.0034		0.1000		
514	233.0000		0.0043		0.1000		
515	196.0000		0.0051		0.1000		
516	351.0000		0.0028		0.1000		
517	328.0000		0.0030		0.1000		
518	225.0000		0.0044		0.1000		
519	715.0000		0.0014		0.1000		
520	862.0000		0.0012		0.1000		
521	587.0000		0.0017		0.1000		
522	660.0000		0.0015		0.1000		
523	534.0000		0.0019		0.1000		
524	818.0000		0.0012		0.1000		
525	593.0000		0.0017		0.1000		
526	699.0000		0.0014		0.1000		
527	610.0000		0.0016		0.1000		
528	600.0000		0.0017		0.1000		
529	690.0000		0.0014		0.1000		
530	771.0000		0.0013		0.1000		
531	722.0000		0.0014		0.1000		
532	678.0000		0.0015		0.1000		
533	551.0000		0.0018		0.1000		
534	584.0000		0.0017		0.1000		
535	584.0000		0.0017		0.1000		
536	778.0000		0.0013		0.1000		
537	800.0000		0.0013		0.1000		
538	543.0000		0.0018		0.1000		
539	582.0000		0.0017		0.1000		
540	686.0000		0.0015		0.1000		
541	603.0000		0.0017		0.1000		
542	627.0000		0.0016		0.1000		
543	734.0000		0.0014		0.1000		
544	723.0000		0.0014		0.1000		
545	602.0000		0.0017		0.1000		
546	588.0000		0.0017		0.1000		
547	879.0000		0.0011		0.1000		
548	594.0000		0.0017		0.1000		
549	743.0000		0.0013		0.1000		
550	538.0000		0.0019		0.1000		
551	704.0000		0.0014		0.1000		
552	503.0000		0.0020		0.1000		
553	806.0000		0.0012		0.1000		
554	573.0000		0.0017		0.1000		
555	699.0000		0.0014		0.1000		
556	618.0000		0.0016		0.1000		
557	833.0000		0.0012		0.1000		
558	611.0000		0.0016		0.1000		
559	825.0000		0.0012		0.1000		
560	576.0000		0.0017		0.1000		
561	657.0000		0.0015		0.1000		
562	535.0000		0.0019		0.1000		
563	822.0000		0.0012		0.1000		
564	728.0000		0.0014		0.1000		
565	646.0000		0.0015		0.1000		
566	495.0000		0.0020		0.1000		
567	749.0000		0.0013		0.1000		
568	610.0000		0.0016		0.1000		
569	527.0000		0.0019		0.1000		
570	709.0000		0.0014		0.1000		
571	762.0000		0.0013		0.1000		
572	564.0000		0.0018		0.1000		
573	832.0000		0.0012		0.1000		
574	849.0000		0.0012		0.1000		
575	356.0000		0.0028		0.1000		
576	266.0000		0.0038		0.1000		
577	349.0000		0.0029		0.1000		
578	310.0000		0.0032		0.1000		
579	375.0000		0.0027		0.1000		
580	378.0000		0.0026		0.1000		
581	319.0000		0.0031		0.1000		
582	364.0000		0.0027		0.1000		
583	224.0000		0.0045		0.1000		
584	321.0000		0.0031		0.1000		
585	294.0000		0.0034		0.1000		
586	225.0000		0.0044		0.1000		
587	319.0000		0.0031		0.1000		
588	254.0000		0.0039		0.1000		
589	197.0000		0.0051		0.1000		
590	375.0000		0.0027		0.1000		
591	287.0000		0.0035		0.1000		
592	308.0000		0.0032		0.1000		
593	201.0000		0.0050		0.1000		
594	332.0000		0.0030		0.1000		
595	296.0000		0.0034		0.1000		
596	260.0000		0.0038		0.1000		
597	849.0000		0.0012		0.1000		
598	561.0000		0.0018		0.1000		
599	870.0000		0.0011		0.1000		
600	631.0000		0.0016		0.1000		
601	780.0000		0.0013		0.1000		
602	668.0000		0.0015		0.1000		
603	868.0000		0.0012		0.1000		
604	749.0000		0.0013		0.1000		
605	781.0000		0.0013		0.1000		
606	720.0000		0.0014		0.1000		
607	696.0000		0.0014		0.1000		
608	799.0000		0.0013		0.1000		
609	493.0000		0.0020		0.1000		
610	694.0000		0.0014		0.1000		
611	580.0000		0.0017		0.1000		
612	685.0000		0.0015		0.1000		
613	665.0000		0.0015		0.1000		
614	504.0000		0.0020		0.1000		
615	653.0000		0.0015		0.1000		
616	839.0000		0.0012		0.1000		
617	854.0000		0.0012		0.1000		
618	811.0000		0.0012		0.1000		
619	742.0000		0.0013		0.1000		
620	541.0000		0.0018		0.1000		
621	618.0000		0.0016		0.1000		
622	819.0000		0.0012		0.1000		
623	726.0000		0.0014		0.1000		
624	692.0000		0.0014		0.1000		
625	583.0000		0.0017		0.1000		
626	803.0000		0.0012		0.1000		
627	721.0000		0.0014		0.1000		
628	683.0000		0.0015		0.1000		
629	876.0000		0.0011		0.1000		
630	814.0000		0.0012		0.1000		
631	781.0000		0.0013		0.1000		
632	834.0000		0.0012		0.1000		
633	611.0000		0.0016		0.1000		
634	730.0000		0.0014		0.1000		
635	529.0000		0.0019		0.1000		
636	659.0000		0.0015		0.1000		
637	775.0000		0.0013		0.1000		
638	807.0000		0.0012		0.1000		
639	790.0000		0.0013		0.1000		
640	674.0000		0.0015		0.1000		
641	674.0000		0.0015		0.1000		
642	590.0000		0.0017		0.1000		
643	704.0000		0.0014		0.1000		
644	792.0000		0.0013		0.1000		
645	570.0000		0.0018		0.1000		
646	628.0000		0.0016		0.1000		
647	831.0000		0.0012		0.1000		
648	518.0000		0.0019		0.1000		
649	886.0000		0.0011		0.1000		
650	815.0000		0.0012		0.1000		
651	619.0000		0.0016		0.1000		
652	722.0000		0.0014		0.1000		
653	278.0000		0.0036		0.1000		
654	274.0000		0.0036		0.1000		
655	241.0000		0.0041		0.1000		
656	302.0000		0.0033		0.1000		
657	169.0000		0.0059		0.1000		
658	337.0000		0.0030		0.1000		
659	209.0000		0.0048		0.1000		
660	312.0000		0.0032		0.1000		
661	248.0000		0.0040		0.1000		
662	206.0000		0.0049		0.1000		
663	294.0000		0.0034		0.1000		
664	343.0000		0.0029		0.1000		
665	741.0000		0.0013		0.1000		
666	755.0000		0.0013		0.1000		
667	625.0000		0.0016		0.1000		
668	674.0000		0.0015		0.1000		
669	888.0000		0.0011		0.1000		
670	661.0000		0.0015		0.1000		
671	737.0000		0.0014		0.1000		
672	775.0000		0.0013		0.1000		
673	493.0000		0.0020		0.1000		
674	513.0000		0.0019		0.1000		
675	721.0000		0.0014		0.1000		
676	523.0000		0.0019		0.1000		
677	519.0000		0.0019		0.1000		
678	726.0000		0.0014		0.1000		
679	648.0000		0.0015		0.1000		
680	759.0000		0.0013		0.1000		
681	508.0000		0.0020		0.1000		
682	783.0000		0.0013		0.1000		
683	875.0000		0.0011		0.1000		
684	670.0000		0.0015		0.1000		
685	629.0000		0.0016		0.1000		
686	687.0000		0.0015		0.1000		
687	655.0000		0.0015		0.1000		
688	787.0000		0.0013		0.1000		
689	755.0000		0.0013		0.1000		
690	580.0000		0.0017		0.1000		
691	612.0000		0.0016		0.1000		
692	639.0000		0.0016		0.1000		
693	606.0000		0.0017		0.1000		
694	824.0000		0.0012		0.1000		
695	710.0000		0.0014		0.1000		
696	779.0000		0.0013		0.1000		
697	609.0000		0.0016		0.1000		
698	741.0000		0.0013		0.1000		
699	825.0000		0.0012		0.1000		
700	697.0000		0.0014		0.1000		
701	616.0000		0.0016		0.1000		
702	858.0000		0.0012		0.1000		
703	773.0000		0.0013		0.1000		
704	803.0000		0.0012		0.1000		
705	601.0000		0.0017		0.1000		
706	676.0000		0.0015		0.1000		
707	665.0000		0.0015		0.1000		
708	769.0000		0.0013		0.1000		
709	669.0000		0.0015		0.1000		
710	858.0000		0.0012		0.1000		
711	527.0000		0.0019		0.1000		
712	715.0000		0.0014		0.1000		
713	794.0000		0.0013		0.1000		
714	548.0000		0.0018		0.1000		
715	572.0000		0.0017		0.1000		
716	659.0000		0.0015		0.1000		
717	193.0000		0.0052		0.1000		
718	272.0000		0.0037		0.1000		
719	182.0000		0.0055		0.1000		
720	200.0000		0.0050		0.1000		
721	408.0000		0.0025		0.1000		
722	169.0000		0.0059		0.1000		
723	292.0000		0.0034		0.1000		
724	304.0000		0.0033		0.1000		
725	744.0000		0.0013		0.1000		
726	816.0000		0.0012		0.1000		
727	671.0000		0.0015		0.1000		
728	712.0000		0.0014		0.1000		
729	864.0000		0.0012		0.1000		
730	623.0000		0.0016		0.1000		
731	686.0000		0.0015		0.1000		
732	665.0000		0.0015		0.1000		
733	759.0000		0.0013		0.1000		
734	610.0000		0.0016		0.1000		
735	641.0000		0.0016		0.1000		
736	796.0000		0.0013		0.1000		
737	675.0000		0.0015		0.1000		
738	835.0000		0.0012		0.1000		
739	727.0000		0.0014		0.1000		
740	794.0000		0.0013		0.1000		
741	576.0000		0.0017		0.1000		
742	746.0000		0.0013		0.1000		
743	647.0000		0.0015		0.1000		
744	658.0000		0.0015		0.1000		
745	667.0000		0.0015		0.1000		
746	501.0000		0.0020		0.1000		
747	787.0000		0.0013		0.1000		
748	670.0000		0.0015		0.1000		
749	662.0000		0.0015		0.1000		
750	798.0000		0.0013		0.1000		
751	591.0000		0.0017		0.1000		
752	647.0000		0.0015		0.1000		
753	820.0000		0.0012		0.1000		
754	631.0000		0.0016		0.1000		
755	561.0000		0.0018		0.1000		
756	569.0000		0.0018		0.1000		
757	721.0000		0.0014		0.1000		
758	867.0000		0.0012		0.1000		
759	797.0000		0.0013		0.1000		
760	723.0000		0.0014		0.1000		
761	814.0000		0.0012		0.1000		
762	738.0000		0.0014		0.1000		
763	646.0000		0.0015		0.1000		
764	791.0000		0.0013		0.1000		
765	846.0000		0.0012		0.1000		
766	702.0000		0.0014		0.1000		
767	753.0000		0.0013		0.1000		
768	824.0000		0.0012		0.1000		
769	637.0000		0.0016		0.1000		
770	631.0000		0.0016		0.1000		
771	595.0000		0.0017		0.1000		
772	834.0000		0.0012		0.1000		
773	824.0000		0.0012		0.1000		
774	540.0000		0.0019		0.1000		
775	522.0000		0.0019		0.1000		
776	699.0000		0.0014		0.1000		
777	746.0000		0.0013		0.1000		
778	870.0000		0.0011		0.1000		
779	860.0000		0.0012		0.1000		
780	729.0000		0.0014		0.1000		
781	600.0000		0.0017		0.1000		
782	533.0000		0.0019		0.1000		
783	611.0000		0.0016		0.1000		
784	660.0000		0.0015		0.1000		
785	867.0000		0.0012		0.1000		
786	529.0000		0.0019		0.1000		
787	706.0000		0.0014		0.1000		
788	727.0000		0.0014		0.1000		
789	607.0000		0.0016		0.1000		
790	697.0000		0.0014		0.1000		
791	829.0000		0.0012		0.1000		
792	537.0000		0.0019		0.1000		
793	786.0000		0.0013		0.1000		
794	650.0000		0.0015		0.1000		
795	547.0000		0.0018		0.1000		
796	554.0000		0.0018		0.1000		
797	647.0000		0.0015		0.1000		
798	744.0000		0.0013		0.1000		
799	781.0000		0.0013		0.1000		
800	561.0000		0.0018		0.1000		
801	640.0000		0.0016		0.1000		
802	606.0000		0.0017		0.1000		
803	682.0000		0.0015		0.1000		
804	601.0000		0.0017		0.1000		
805	498.0000		0.0020		0.1000		
806	840.0000		0.0012		0.1000		
807	659.0000		0.0015		0.1000		
808	581.0000		0.0017		0.1000		
809	840.0000		0.0012		0.1000		
810	599.0000		0.0017		0.1000		
811	553.0000		0.0018		0.1000		
812	735.0000		0.0014		0.1000		
813	684.0000		0.0015		0.1000		
814	723.0000		0.0014		0.1000		
815	851.0000		0.0012		0.1000		
816	496.0000		0.0020		0.1000		
817	657.0000		0.0015		0.1000		
818	554.0000		0.0018		0.1000		
819	627.0000		0.0016		0.1000		
820	800.0000		0.0013		0.1000		
821	738.0000		0.0014		0.1000		
822	622.0000		0.0016		0.1000		
823	775.0000		0.0013		0.1000		
824	615.0000		0.0016		0.1000		
825	862.0000		0.0012		0.1000		
826	793.0000		0.0013		0.1000		
827	520.0000		0.0019		0.1000		
828	597.0000		0.0017		0.1000		
829	272.0000		0.0037		0.1000		
830	400.0000		0.0025		0.1000		
831	146.0000		0.0068		0.1000		
832	317.0000		0.0032		0.1000		
833	192.0000		0.0052		0.1000		
834	321.0000		0.0031		0.1000		
835	274.0000		0.0036		0.1000		
836	263.0000		0.0038		0.1000		
837	203.0000		0.0049		0.1000		
838	394.0000		0.0025		0.1000		
839	310.0000		0.0032		0.1000		
840	233.0000		0.0043		0.1000		
841	151.0000		0.0066		0.1000		
842	191.0000		0.0052		0.1000		
843	188.0000		0.0053		0.1000		
844	354.0000		0.0028		0.1000		
845	314.0000		0.0032		0.1000		
846	369.0000		0.0027		0.1000		
847	230.0000		0.0043		0.1000		
848	374.0000		0.0027		0.1000		
849	303.0000		0.0033		0.1000		
850	203.0000		0.0049		0.1000		
851	210.0000		0.0048		0.1000		
852	223.0000		0.0045		0.1000		
853	195.0000		0.0051		0.1000		
854	243.0000		0.0041		0.1000		
855	211.0000		0.0047		0.1000		
856	271.0000		0.0037		0.1000		
857	290.0000		0.0034		0.1000		
858	150.0000		0.0067		0.1000		
859	383.0000		0.0026		0.1000		
860	234.0000		0.0043		0.1000		
861	286.0000		0.0035		0.1000		
862	333.0000		0.0030		0.1000		
863	317.0000		0.0032		0.1000		
864	342.0000		0.0029		0.1000		
865	170.0000		0.0059		0.1000		
866	229.0000		0.0044		0.1000		
867	333.0000		0.0030		0.1000		
868	379.0000		0.0026		0.1000		
869	279.0000		0.0036		0.1000		
870	204.0000		0.0049		0.1000		
871	308.0000		0.0032		0.1000		
872	376.0000		0.0027		0.1000		
873	129.0000		0.0078		0.1000		
874	162.0000		0.0062		0.1000		
875	236.0000		0.0042		0.1000		
876	373.0000		0.0027		0.1000		
877	356.0000		0.0028		0.1000		
878	334.0000		0.0030		0.1000		
879	344.0000		0.0029		0.1000		
880	287.0000		0.0035		0.1000		
881	310.0000		0.0032		0.1000		
882	164.0000		0.0061		0.1000		
883	279.0000		0.0036		0.1000		
884	218.0000		0.0046		0.1000		
885	226.0000		0.0044		0.1000		
886	198.0000		0.0051		0.1000		
887	214.0000		0.0047		0.1000		
888	225.0000		0.0044		0.1000		
889	230.0000		0.0043		0.1000		
890	326.0000		0.0031		0.1000		
891	166.0000		0.0060		0.1000		
892	313.0000		0.0032		0.1000		
893	348.0000		0.0029		0.1000		
894	311.0000		0.0032		0.1000		
895	308.0000		0.0032		0.1000		
896	229.0000		0.0044		0.1000		
897	247.0000		0.0040		0.1000		
898	201.0000		0.0050		0.1000		
899	360.0000		0.0028		0.1000		
900	151.0000		0.0066		0.1000		
901	285.0000		0.0035		0.1000		
902	142.0000		0.0070		0.1000		
903	360.0000		0.0028		0.1000		
904	279.0000		0.0036		0.1000		
905	351.0000		0.0028		0.1000		
906	387.0000		0.0026		0.1000		
907	319.0000		0.0031		0.1000		
908	354.0000		0.0028		0.1000		
909	264.0000		0.0038		0.1000		
910	251.0000		0.0040		0.1000		
911	364.0000		0.0027		0.1000		
912	196.0000		0.0051		0.1000		
913	293.0000		0.0034		0.1000		
914	278.0000		0.0036		0.1000		
915	407.0000		0.0025		0.1000		
916	226.0000		0.0044		0.1000		
917	281.0000		0.0036		0.1000		
918	200.0000		0.0050		0.1000		
919	265.0000		0.0038		0.1000		
920	363.0000		0.0028		0.1000		
921	255.0000		0.0039		0.1000		
922	242.0000		0.0041		0.1000		
923	335.0000		0.0030		0.1000		
924	209.0000		0.0048		0.1000		
925	347.0000		0.0029		0.1000		
926	219.0000		0.0046		0.1000		
927	348.0000		0.0029		0.1000		
928	250.0000		0.0040		0.1000		
929	311.0000		0.0032		0.1000		
930	374.0000		0.0027		0.1000		
931	263.0000		0.0038		0.1000		
932	323.0000		0.0031		0.1000		
933	243.0000		0.0041		0.1000		
934	346.0000		0.0029		0.1000		
935	295.0000		0.0034		0.1000		
936	333.0000		0.0030		0.1000		
937	346.0000		0.0029		0.1000		
938	173.0000		0.0058		0.1000		
939	158.0000		0.0063		0.1000		
940	256.0000		0.0039		0.1000		
941	347.0000		0.0029		0.1000		
942	369.0000		0.0027		0.1000		
943	166.0000		0.0060		0.1000		
944	176.0000		0.0057		0.1000		
945	306.0000		0.0033		0.1000		
946	372.0000		0.0027		0.1000		
947	149.0000		0.0067		0.1000		
948	173.0000		0.0058		0.1000		
949	177.0000		0.0056		0.1000		
950	176.0000		0.0057		0.1000		
951	243.0000		0.0041		0.1000		
952	379.0000		0.0026		0.1000		
953	256.0000		0.0039		0.1000		
954	240.0000		0.0042		0.1000		
955	361.0000		0.0028		0.1000		
956	213.0000		0.0047		0.1000		
957	166.0000		0.0060		0.1000		
958	341.0000		0.0029		0.1000		
959	373.0000		0.0027		0.1000		
960	184.0000		0.0054		0.1000		
961	409.0000		0.0024		0.1000		
962	374.0000		0.0027		0.1000		
963	251.0000		0.0040		0.1000		
964	173.0000		0.0058		0.1000		
965	403.0000		0.0025		0.1000		
966	237.0000		0.0042		0.1000		
967	215.0000		0.0047		0.1000		
968	228.0000		0.0044		0.1000		
969	349.0000		0.0029		0.1000		
970	219.0000		0.0046		0.1000		
971	195.0000		0.0051		0.1000		
972	146.0000		0.0068		0.1000		
973	403.0000		0.0025		0.1000		
974	213.0000		0.0047		0.1000		
975	297.0000		0.0034		0.1000		
976	288.0000		0.0035		0.1000		
977	186.0000		0.0054		0.1000		
978	331.0000		0.0030		0.1000		
979	266.0000		0.0038		0.1000		
980	218.0000		0.0046		0.1000		
981	380.0000		0.0026		0.1000		
982	210.0000		0.0048		0.1000		
983	301.0000		0.0033		0.1000		
984	221.0000		0.0045		0.1000		
985	259.0000		0.0039		0.1000		
986	362.0000		0.0028		0.1000		
987	351.0000		0.0028		0.1000		
988	199.0000		0.0050		0.1000		
989	212.0000		0.0047		0.1000		
990	253.0000		0.0040		0.1000		
991	217.0000		0.0046		0.1000		
992	330.0000		0.0030		0.1000		
993	214.0000		0.0047		0.1000		
994	274.0000		0.0036		0.1000		
995	316.0000		0.0032		0.1000		
996	268.0000		0.0037		0.1000		
997	166.0000		0.0060		0.1000		
998	195.0000		0.0051		0.1000		
999	338.0000		0.0030		0.1000		
1000	304.0000		0.0033		0.1000		
1001	286.0000		0.0035		0.1000		
1002	231.0000		0.0043		0.1000		
1003	398.0000		0.0025		0.1000		
1004	199.0000		0.0050		0.1000		
1005	201.0000		0.0050		0.1000		
1006	185.0000		0.0054		0.1000		
1007	186.0000		0.0054		0.1000		
1008	400.0000		0.0025		0.1000		
1009	344.0000		0.0029		0.1000		
1010	405.0000		0.0025		0.1000		
1011	286.0000		0.0035		0.1000		
1012	264.0000		0.0038		0.1000		
1013	313.0000		0.0032		0.1000		
1014	315.0000		0.0032		0.1000		
1015	374.0000		0.0027		0.1000		
1016	320.0000		0.0031		0.1000		
1017	222.0000		0.0045		0.1000		
1018	271.0000		0.0037		0.1000		
